acc = 0.6919917864476386
auprc = 0.7226255284067713
auroc = 0.7146543872077725
eval_loss = 0.6277574457106043
f1 = (array([0.66789668, 0.72222222]), array([0.75103734, 0.63414634]), array([0.70703125, 0.67532468]), array([241, 246]))
fn = 90
fp = 60
mcc = 0.3876434396250262
tn = 181
tp = 156
